20180430_G1_PTX20nM-0020_DAPI.TIF	102519	543657	18.86
20180430_G1_PTX20nM-0020_GFP.TIF	13752	543657	2.53
20180430_G2_PTX10nM-0021_DAPI.TIF	134236	543657	24.69
20180430_G2_PTX10nM-0021_GFP.TIF	15150	543657	2.787
20180430_G3_TGFB2-0022_DAPI.TIF	508501	543657	93.53
20180430_G3_TGFB2-0022_GFP.TIF	54973	543657	10.11
20180430_G4_TGFB1-0023_DAPI.TIF	194430	543657	35.76
20180430_G4_TGFB1-0023_GFP.TIF	14927	543657	2.746
20180430_G5_untreated-0024_DAPI.TIF	218985	543657	40.28
20180430_G5_untreated-0024_GFP.TIF	32063	543657	5.898
20180430_G6_stopper-0025_DAPI.TIF	18406	543657	3.386
20180430_G6_stopper-0025_GFP.TIF	1095	543657	0.2014
20180430_H1_PTX20nM-0026_DAPI.TIF	88084	543657	16.2
20180430_H1_PTX20nM-0026_GFP.TIF	15313	543657	2.817
20180430_H2_PTX10nM-0027_DAPI.TIF	134106	543657	24.67
20180430_H2_PTX10nM-0027_GFP.TIF	29800	543657	5.481
20180430_H3_TGFB2-0028_DAPI.TIF	537947	543657	98.95
20180430_H3_TGFB2-0028_GFP.TIF	159466	543657	29.33
20180430_H4_TGFB1-0029_DAPI.TIF	530120	543657	97.51
20180430_H4_TGFB1-0029_GFP.TIF	90498	543657	16.65
20180430_H5_untreated-0030_DAPI.TIF	199336	543657	36.67
20180430_H5_untreated-0030_GFP.TIF	29239	543657	5.378
20180430_H6_stopper-0031_DAPI.TIF	3238	543657	0.5956
20180430_H6_stopper-0031_GFP.TIF	530	543657	0.09749
